iter,attack_prompt,complete_prompt,generated_result,product_rank
0,,,,11.0
1,"""Elevate her special day with this stunning silver tiara, adorned with delicate crystal and pink rhinestones that add a touch of whimsical elegance, perfect for making 13-year-old royalty feel like, well, royalty.""",,,11.0
