23183
23185
23187
23189
23191
23193
23195
23197
23199
23201
23208
23210
23212
23214
23216
23220
23222
23224
23226
23230
23240
23242
23244
23246
23248
23250
23252
23254
23256
23258
23267
23269
23271
23273
23275
23277
23279
23281
23283
23286
23293
23295
23297
23299
23301
23303
23305
23307
23309
23311
23319
23321
23323
23325
23327
23329
23331
23333
23335
23337
23344
23346
23348
23350
23352
23354
23356
23358
23360
23362
23369
23371
23373
23375
23377
23379
23381
23383
23385
23387
23394
23396
23398
23400
23402
23404
23406
23408
23415
23417
23419
23421
23423
23425
23427
23429
23431
23433
23446
23448
23450
23452
23454
23456
23458
23478
23484
23486
23492
23496
23499
23504
23507
23511
23517
23547
23549
23554
23556
23560
23563
23568
23571
23605
23608
23612
23615
23620
23624
23628
23635
23637
23639
23641
23643
23645
23647
23649
23651
23653
23662
23664
23666
23668
23670
23672
23674
23676
23684
23688
23690
23692
23694
23696
23698
23700
23707
23709
23711
23713
23715
23717
23719
23721
23728
23730
23732
23734
23736
23738
23740
23742
23749
23751
23753
23755
23757
23759
23761
23763
23771
23774
23776
23778
23780
23782
23786
23788
23790
23792
23816
23819
23822
23825
23830
23836
23842
23845
23849
23853
23886
23890
23896
23900
23903
23908
23912
23917
23921
23924
23961
23965
23971
23978
23984
23989
23991
23996
24001
24007
24047
24053
24057
24062
24069
24075
24080
24088
24092
24096
